ISS (ZARYA)             
1 25544U 98067A   15220.14201569  .00006366  00000-0  99981-4 0  9999
2 25544  51.6445 184.6193 0001190  50.9632  60.9475 15.55044901956123
TIANGONG 1              
1 37820U 11053A   15220.22582222  .00016885  00000-0  18235-3 0  9995
2 37820  42.7666 324.0133 0013347  19.7325  62.5589 15.63234916221464
SPINSAT                 
1 40314U 98067FL  15219.88718309  .00019559  00000-0  22242-3 0  9998
2 40314  51.6398 180.8824 0004739 308.0564  52.0002 15.62302813 90746
FLOCK 1B-27             
1 40422U 98067FN  15220.10831557  .00087761  00000-0  46759-3 0  9995
2 40422  51.6375 170.0695 0003407 293.3518 155.6084 15.79679430 34270
FLOCK 1B-28             
1 40423U 98067FP  15219.24788283  .05567779  12028-4  14293-2 0  9997
2 40423  51.6133 170.3484 0007348 241.2767 118.7501 16.27910103 34192
FLOCK 1B-21             
1 40427U 98067FQ  15220.17244066  .00113418  00000-0  60632-3 0  9995
2 40427  51.6348 169.6742 0002024 341.5914 147.4219 15.79505042 34313
FLOCK 1B-22             
1 40428U 98067FR  15220.12069744  .00092140  00000-0  51130-3 0  9990
2 40428  51.6365 170.9091 0002544 336.4498 114.1655 15.78763696 34294
FLOCK 1B-10             
1 40429U 98067FS  15220.20119405  .00195474  25025-4  64353-3 0  9993
2 40429  51.6296 168.3836 0005910  26.6978  67.1007 15.90077971 34305
FLOCK 1D-1              
1 40451U 98067FU  15220.14503916  .00106360  00000-0  55029-3 0  9993
2 40451  51.6355 170.3030 0005794 339.2305 116.0448 15.80231569 34286
FLOCK 1D-2              
1 40452U 98067FV  15220.13593804  .00048791  00000-0  41130-3 0  9999
2 40452  51.6406 176.3296 0005769 338.6049 117.4290 15.69293657 34209
FLOCK 1B-5              
1 40453U 98067FW  15220.14430539  .00846207  33415-3  18664-2 0  9998
2 40453  51.6321 169.5124 0003592 196.6100 260.4302 15.97464509 34280
FLOCK 1B-6              
1 40454U 98067FX  15220.10653247  .00070361  00000-0  43756-3 0  9990
2 40454  51.6379 171.6254 0004407 309.2972 117.2228 15.76302694 34253
GEARRS-1                
1 40456U 98067FZ  15220.08687398  .00093676  00000-0  60028-3 0  9998
2 40456  51.6402 173.2145 0003283 299.4823  60.5849 15.75508462 34243
MICROMAS                
1 40457U 98067GA  15213.38588329  .08885032  12472-4  72013-3 0  9998
2 40457  51.6142 195.6182 0009646 310.7124  49.3640 16.38908268 33335
FLOCK 1B-11             
1 40459U 98067GC  15220.11423693  .00094249  00000-0  49145-3 0  9995
2 40459  51.6331 170.8590 0004498   7.7931  80.5822 15.80118750 34283
FLOCK 1B-12             
1 40460U 98067GD  15220.12252502  .00077437  00000-0  48610-3 0  9993
2 40460  51.6384 173.2120 0003439 322.3731 126.4640 15.76055417 34257
PROGRESS-M 28M          
1 40713U 15031A   15196.49011771  .00017741  00000-0  26492-3 0  9993
2 40713  51.6454 302.6810 0001491 236.5964 219.1604 15.55119641  1925
FLOCK 1E-2              
1 40722U 98067GE  15220.11343167  .00031733  00000-0  43197-3 0  9995
2 40722  51.6447 184.4829 0005135  13.0644  72.6838 15.57251292  3930
FLOCK 1E-1              
1 40723U 98067GF  15220.11372066  .00019842  00000-0  27526-3 0  9991
2 40723  51.6445 184.4849 0005713  15.9180  70.3039 15.57028627  3885
FLOCK 1E-4              
1 40724U 98067GG  15220.18578455  .00024122  00000-0  33633-3 0  9992
2 40724  51.6444 184.1797 0002100 296.1008 166.7338 15.56772043  3893
FLOCK 1E-3              
1 40725U 98067GH  15220.17802303  .00051732  00000-0  69111-3 0  9991
2 40725  51.6451 184.1524 0002786 290.2356 163.3131 15.57535029  3864
FLOCK 1E-7              
1 40726U 98067GJ  15220.11922285  .00034520  00000-0  47527-3 0  9991
2 40726  51.6424 184.5207 0004681  28.9647  58.3644 15.56904589  3730
FLOCK 1E-8              
1 40727U 98067GK  15220.11970685  .00023065  00000-0  32182-3 0  9992
2 40727  51.6436 184.5209 0004433  30.1090  58.2085 15.56774590  3722
FLOCK 1E-5              
1 40728U 98067GL  15219.36079981  .00022565  00000-0  31601-3 0  9996
2 40728  51.6437 188.3143 0004907 359.1287 155.1719 15.56686820  3618
FLOCK 1E-6              
1 40729U 98067GM  15220.11920196  .00031964  00000-0  44197-3 0  9992
2 40729  51.6410 184.5197 0004850   6.7269  80.9401 15.56827685  3742
FLOCK 1E-9              
1 40736U 98067GN  15220.12226089  .00030092  00000-0  41998-3 0  9998
2 40736  51.6437 184.5426 0003596  51.4864  36.0323 15.56613949  3716
FLOCK 1E-10             
1 40737U 98067GP  15220.12270863  .00029481  00000-0  41125-3 0  9990
2 40737  51.6412 184.5423 0003173  54.6051  35.0032 15.56639211  3728
FLOCK 1E-11             
1 40738U 98067GQ  15220.11930394  .00054644  00000-0  73959-3 0  9991
2 40738  51.6422 184.5180 0003342 336.1890 114.6566 15.57160402  3545
FLOCK 1E-12             
1 40739U 98067GR  15220.12022914  .00029150  00000-0  40523-3 0  9998
2 40739  51.6402 184.5271 0004092 357.8220  89.5522 15.56735331  3556
FLOCK 1E-13             
1 40740U 98067GS  15220.12066207  .00036910  00000-0  50983-3 0  9996
2 40740  51.6420 184.5321 0004835  33.5129  53.6960 15.56783334  3537
FLOCK 1E-14             
1 40741U 98067GT  15220.12224720  .00027177  00000-0  37929-3 0  9993
2 40741  51.6429 184.5333 0004267  31.5300  59.4600 15.56668076  3527
ARKYD-3R                
1 40742U 98067GU  15220.11211696  .00052881  00000-0  69940-3 0  9999
2 40742  51.6452 184.4780 0004844  56.1585  29.2269 15.57786679  3525
CENTENNIAL 1            
1 40743U 98067GV  15220.11578127  .00036444  00000-0  49428-3 0  9991
2 40743  51.6437 184.4998 0004568  57.7461  28.6359 15.57282221  3520
SOYUZ-TMA 17M           
1 40744U 15035A   15204.58592506  .00046589  00000-0  68003-3 0  9997
2 40744  51.6451 262.2726 0001334 294.5630 156.6060 15.55189487   119